SELECT * FROM creature WHERE guid="15809775";

DELETE FROM `creature` WHERE `map` in (643);
INSERT INTO creature (guid, id, map, spawnMask, phaseMask, modelid, equipment_id, position_x, position_y, position_z, orientation, spawntimesecs, 

spawndist, currentwaypoint, curhealth, curmana, DeathState, MovementTYpe, npcflag, unit_flags, dynamicflags) VALUES
(1086660,   39616,	643,	3,	1,	0,	0,	-414.797,	798.898,	248.577,	3.12085,	300,	0,	0,	

52132,	  0,	   0,	0,	0,	0,	0),
(1086661, 	39616,	643,	3,	1,	0,	0,	-413.919,	810.818,	248.424,  3.17976,	300,	0,	0,	52132,  	

0,	   0,	0,	0,	0,	0),
(1086648, 	40943,	643,	3,	1,	0,	0,	-301.696, 733.819,	274.993,	1.4936,	  300,	0,	0,	100244,	  4502,  0,	

0,	0,	0,	0),
(1086680, 	41139,	643,	3,	1,	0,	0,	-408.742,	807.27, 	248.314,	3.07765,	300,	0,	0,	

52132,	  4081,	 0,	0,	0,	0,	0),
(1086651, 	40935,	643,	3,	1,	0,	0,	-312.569,	734.065,	274.586,	1.58785,	300,	0,	0,	

100244, 	0,     0,	0,	0,	0,	0),
(1086652,   40935,	643,	3,	1,	0,	0,	-310,   	733.915,	274.753,	1.64126,	300,	0,	0,	

100244, 	0,	   0,	0,	0,	0,	0),
(1086653, 	40935,	643,	3,	1,	0,	0,	-307.307,	733.872,	274.8,	  1.50381,	300,	0,	0,	100244, 	

0,	   0,	0,	0,	0,	0),
(15492469,	40568,	643,	3,	1,	0,	0,	191.538,	753.667,	808.445,	4.71499,	300,	0,	0,	

5808, 	  0,	   0,	0,	0,	0,	0),
(15809775,	42172,	643,	3,	1,	0,	0,	-135.603,	829.651,	316.644,	3.41301,	300,	0,	0,	

1260000,	0,	   0,	0,	0,	0,	0),
(15492458,	39959,	643,	3,	1,	0,	0,	-16.926,	802.161,	807.767,	3.15622,	300,	0,	0,	

521320, 	0,  	 0,	0,	0,	0,	0),
(15492459,	40586,	643,	3,	1,	0,	0,	191.089,	802.389,	807.638,	3.12488,	300,	0,	0,	

521320,	  0,	   0,	0,	0,	0,	0),
(15492460,	40765,	643,	3,	2,	0,	0,	50.1589,	802.405,	805.731,	6.26529,	300,	0,	0,	

337025,	  0,	   0,	0,	0,	0,	0),
(15492461,	40568,	643,	3,	1,	0,	0,	192.047,	753.117,	808.804,	4.64192,	300,	0,	0,	

5808,   	0,     0,	0,	0,	0,	0),
(15492462,	40568,	643,	3,	1,	0,	0,	191.709,	752.379,	808.016,	4.72127,	300,	0,	0,	

5808,   	0,     0,	0,	0,	0,	0),
(15492463,	40568,	643,	3,	1,	0,	0,	157.839,	836.756,	808.411,	2.35484,	300,	0,	0,	

5808,   	0,     0,	0,	0,	0,	0),
(15492464,	40568,	643,	3,	1,	0,	0,	143.52,	  802.138,	808.411,	3.14809,	300,	0,	0,	5808,   	

0,     0,	0,	0,	0,	0),
(15492465,	40568,	643,	3,	1,	0,	0,	157.066,	768.43,	  808.411,	3.8471,	  300,	0,	0,	5808,   	0,  

   0,	0,	0,	0,	0),
(15492466,	40568,	643,	3,	1,	0,	0,	225.999,	767.761,	808.409,	5.47287,	300,	0,	0,	

5808,	    0,     0,	0,	0,	0,	0),
(15492467,	40568,	643,	3,	1,	0,	0,	227.014,	836.812,	808.366,	0.740854,	300,	0,	0,	

5808,   	0,     0,	0,	0,	0,	0),
(15492468,	40568,	643,	3,	1,	0,	0,	240.805,	802.787,	808.588,	6.24642,	300,	0,	0,	

5808,	    0,     0,	0,	0,	0,	0),
(1086659,	  50272,	643,	3,	1,	0,	0,	-551.595,	798.41,	  246.289,	2.1791,	  600,	0,	0,	42,     	

0,     0,	0,	0,	0,	0),
(1086672,	  40577,	643,	3,	1,	0,	0,	-281.951,	805.526,	259.586,	3.1,	    600,	0,	0,	

546,	    0,     0,	0,	0,	0,	0),
(1086673,	  40577,	643,	3,	1,	0,	0,	-282.218,	812.137,	259.949,	3,	      600,	0,	0,	

546,    	0,     0,	0,	0,	0,	0),
(15492453,	41139,	643,	3,	1,	0,	0,	-409.23,  802.138,	248.375,	2.93628,	300,	0,	0,  52132,	  

4081,	 0,	0,	0,	0,	0),
(1086645,	  40936,	643,	3,	1,	0,	0,	-293.335,	664.083,	281.524,	1.92316,	300,	0,	0,	

1443510,	0,	   0,	2,	0,	0,	0),
(1086646,	  40936,	643,  3,	1,	0,	0,	-304.477,	677.157,	279.706,	1.67031,	300,	0,	0,	

1443510,	0,     0,	2,	0,	0,	0),
(15492486,	40935,	643,	3,	1,	0,	0,	-245.459,	635.251,	286.297,	2.48082,	300,	0,	0,	

96863,    0,	   0,	0,	0,	0,	0),
(15492485,  40935,	643,	3,	1,	0,	0,	-250.358,	638.565,	285.818,	2.52402,	300,	0,	0,	

96863,	  0,	   0,	0,	0,	0,	0),
(15492484,  40943,	643,	3,	1,	0,	0,	-248.915,	634.823,	286.124,	2.48475,	300,	0,  0,	100244,  	

4502,	 0,	0,	0,	0,	0),
(15492483,	40943,	643,	3,	1,	0,	0,	-308.105,	676.503,	279.699,	1.52109,	300,	3,	0,	

96863,	  4412,	 0,	1,	0,	0,	0),
(15492481,	40935,	643,	3,	1,	0,	0,	-307.122,	672.121,	279.898,	1.48575,	300,	3,	0,	

96863,    0,	   0,	1,	0,	0,	0),
(15492482,	40943,	643,	3,	1,	0,	0,	-302.515,	672.734,	279.94, 	1.52895, 	300,	3,	0,	

100244, 	4502,	 0,	1,	0,	0,	0),
(1086693,	  40792,	643,	3,	1,	0,	0,	-147.119,	989.233,	230.17,	  0.1,    	600,	0,	0,	

210,    	0,	   0,	0,	0,	0,	0),
(1086694,	  40925,	643,	3,	1,	0,	0,	-310.536,	846.438,	257.211,	1.59006,	600,	0,	0,	

336,	    0,	   0,	2,	0,	0,	0),
(1086695,	  40925,	643,	3,	1,	0,	0,	-312.69,	879.681,	247.661,	4.80627,	600,	0,	0,	

336,	    0,	   0,	2,	0,	0,	0),
(1086696,	  40925,	643,	3,	1,	0,	0,	-311.675,	938.133,	236.211,	5.86263,	600,	0,	0,	

336,    	0,	   0,	0,	0,	0,	0),
(1086697,	  40925,	643,	3,	1,	0,	0,	-284.088,	960.462,	236.825,	2.02988,	600,	0,	0,	

336,	    0,	   0,	0,	0,	0,	0),
(1086698,	  40925,	643,	3,	1,	0,	0,	-233.596,	984.722,	232.01, 	4.53531,	600,	0,	0,	

336,    	0,	   0,	0,	0,	0,	0),
(1086699,	  40923,	643,	3,	1,	0,	0,	-316.854,	862.241,	256.638,	0.070302,	600,	0,	0,	

4,	      0,	   0,	0,	0,	0,	0),
(1086700,	  40923,	643,	3,	1,	0,	0,	-307.455,	897.869,	244.408,	1.31515,  600,	0,	0,	4,  

      0,	   0,	0,	0,	0,	0),
(1086701,	  40923,	643,	3,	1,	0,	0,	-317.088,	927.254,	238.29,	  0.96958,	600,	0,	0,	4,  

    	0,	   0,	0,	0,	0,	0),
(1086702,	  40923,	643,	3,	1,	0,	0,	-290.005,	950.424,	237.942,  0.682909,	600,	0,	0,	4,	

      0,	   0,	0,	0,	0,	0),
(1086703,   40923,	643,	3,	1,	0,	0,	-279.235,	981.604,	236.797,	0.836062,	600,	0,	0,	4,  

    	0,	   0,	0,	0,	0,	0),
(1086704,	  40923,	643,	3,	1,	0,	0,	-249.31,	974.315,	234.844,	0.007464,	600,	0,	0,	

4,	      0,	   0,	0,	0,	0,	0),
(1086705,   40923,	643,	3,	1,	0,	0,	-223.934,	985.036,	231.09, 	0.863549,	600,	0,	0,	4,	

      0,	   0,	0,	0,	0,	0),
(1086706,	  40923,	643,	3,	1,	0,	0,	-258.407, 982.786,	236.277,	3.09015,	600,	0,	0,	4,	

      0,	   0,	0,	0,	0,	0),
(15492480,	40935,	643,	3,	1,	0,	0,	-303.515,	676.302,	279.828,	1.42684,	300,	3,	0,	

100244,	  0,	   0,	1,	0,	0,  0),
(15492479,	40943,	643,	3,	1,	0,	0,	-315.647, 734.122,	274.569,	1.45826,	300,	0,	0,	100244,	  

4502,	 0,	0,	0,	0,	0),
(15492473,	40936,	643,	3,	1,	0,	0,	-227.816,	633.133,	287.193,	2.97273,	300,	0,	0,	

1394820,	0,	   0,	0,	0,	0,	0),
(15492472,	40936,	643,	3,	1,	0,	0,	-226.77,	642.736,	287.36,	  3.05912,	300,	0,	0,	1443510,	

0,	   0, 0,	0,	0,	0),
(15492470,	40568,	643,	3,	1,	0,	0,	191.971,	851.7,	  808.582,	1.6024,	300,	0,	0,	5808,	0,	0,	

0,	0,	0,	0),
(15492471,	40568,	643,	3,	1,	0,	0,	240.94,	  802.443,	808.853,	6.28101,	300,	0,	0,	5808,	0,	

0,	0,	0,	0,	0),
(1086716,	  40825,	643,	3,	1,	0,	0,	-163.917,	636.161,	286.349,	3.1,	600,	0,	0,	

1680,	0,	0,	0,	0,	0,	0),
(15492490,	40943,	643,	3,	1,	0,	0,	-247.472,	638.415,	286.007,	2.76592,	300,	0,	0,	

100244,	4502,	0,	0,	0,	0,	0),
(15492489,	40935,	643,	3,	1,	0,	0,	-248.41,	640.986,	285.996,	2.6167,	300,	  0,	0,	100244,	0,	

0,	0,	0,	0,	0),
(15492488,	40935,	643,	3,  1,	0,	0,	-248.16,	643.732,	286.052,	2.55779,	300,	0,	0,	100244,	0,	

0,	0,	0,	0,	0),
(15492487,	40935,	643,	3,	1,	0,	0,	-244.903,	640.869,	286.215,	2.52795,	300,	0,	0,	

100244,	0,	0,	0,	0,	0,	0);



DELETE FROM `gameobject` WHERE `map` in (643);

INSERT INTO gameobject (guid, id, map, spawnMask, PhaseMask, position_x, position_y, position_z, orientation, rotation0, rotation1, rotation2, rotation3, spawntimesecs, animprogress, state) VALUES 
(4015108,	204338,	643,	3,	1,	-8.29097,	802.432,	808.275,	3.07474,	0,	0,	0.999441,	0.0334199,	

300,	0,	1),
(4015109, 204339,	643,	3,	1,	110.492,	802.294,	808.384,	6.23172,	0,	0, 0.025730, -0.999669, 300,	0	, 1),
(4015110, 204340,	643,	3,	1,	-210.394,	637.627,	286.327,	3.11913,	0,	0, 0.999937, 0.011233,  300,	0,	1),
(4015111, 204341,	643,	3,	1,	-210.467,	982.052,	230.376,	3.13722,	0,	0, 0.999998, 0.00218542, 300,	0,	1),
(4015112, 203199, 643,	3,	2,	122.906,	796.499,	808.338,	2.23088,	0,	0, 0.898104, 0.439782, 300,	0,	1),
(4015107, 205542,	643,	3,	1,	54.3193,	802.532,	805.731,	3.135,  	0,	0, 0, -0.997256, 300,	0,	1),
(4015106, 207209,	643,	1,	1,	-215.294,	806.205,	253.711,	3.14159,	0,	0, 1, -4.37114, 300,	0,	1),
(4012763, 207406,	643,	2,	1,	-297.62,	793.591,	260.388,	2.48457,	0,	0, 0.946524, 0.322634, 300,	0,	1);


UPDATE creature_template SET AIName="", ScriptName="mob_lady_nazjar_event" WHERE entry="39959";
UPDATE creature_template SET AIName="", ScriptName="mob_neptulon" WHERE entry="40792";
UPDATE creature_template SET AIName="", ScriptName="boss_ozumat" WHERE entry="42172";



UPDATE gameobject_template SET AIName="", ScriptName="go_totd_defense_system" WHERE entry="203199";
UPDATE gameobject_template SET faction="1375", flags="32", questItem4="1" WHERE entry="204338";
UPDATE gameobject_template SET faction="1375", flags="32", questItem4="1" WHERE entry="204339";
UPDATE gameobject_template SET faction="1375", flags="32", questItem4="1" WHERE entry="204340";

UPDATE creature_template SET faction_A="14", faction_H="14",  unit_flags="0", WDBVerified="1", mechanic_immune_mask="613097436" WHERE entry="40586";
-- neptulon
UPDATE creature_template SET exp="2", faction_A="35", faction_H="35",  unit_flags="0", WDBVerified="1", mechanic_immune_mask="613097436" WHERE entry="40792";
-- OZUmat
UPDATE creature_template SET exp="2", faction_A="16", faction_H="16",  unit_flags="32768", WDBVerified="14480", mechanic_immune_mask="613097436" WHERE entry="42172";


UPDATE creature_template SET minlevel="85", maxlevel="85", attackpower="1500", mingold="36699", maxdmg="36699" WHERE entry="40586";


DELETE FROM `creature_template` WHERE `entry` in (40568);

INSERT INTO creature_template (entry, modelid1, name, minlevel, maxlevel, exp, faction_A, faction_H, speed_run, scale, mindmg, maxdmg, attackpower, dmg_multiplier, unit_class, unit_flags, minrangedmg, maxrangedmg, rangedattackpower, type, type_flags, Inhabittype, Health_mod, Mana_mod, Armor_mod, RegenHealth, WDBVerified) VALUES
(40568, 11686, "Naz'jar Combat trigger", 83,	83,	35,	35,	1,	1.14286,	1,		3.8,	3.8,	46,	1,	1,	33554948,	1.9,	1.9,	5000,	10,	1024,	7,	1,	1,	1, 1,	1);


UPDATE creature_template SET difficulty_entry_1="49079", minlevel="81", maxlevel="81", attackpower="1000", mingold="36699", maxgold="36699", Health_mod="1534000" WHERE entry="40586";

UPDATE creature_template SET minlevel="85", maxlevel="85", attackpower="1500", mingold="46699", maxgold="56699", Health_mod="1534000" WHERE entry="49079";


UPDATE creature_template SET difficulty_entry_1="49064", minlevel="81", maxlevel="81", attackpower="1000", mingold="36699", maxgold="36699", Health_mod="1116000" WHERE entry="40765";

UPDATE creature_template SET minlevel="85", maxlevel="85", attackpower="1500", mindmg="890", maxdmg="1200", mingold="46699", maxgold="46699", Health_mod="3534000" WHERE entry="49064";


UPDATE creature_template SET difficulty_entry_1="57547", minlevel="81", maxlevel="81", attackpower="1000", mingold="36699", maxgold="36699", Health_mod="2011000" WHERE entry="42172";

UPDATE creature_template SET minlevel="85", maxlevel="85", attackpower="1500", mindmg="890", maxdmg="1200", mingold="46699", maxgold="46699", Health_mod="4534000" WHERE entry="57547";
